1]]]]4]]]]9
1]]]]1]]]]1]]]]1]]]]NULL]]]]1]]]]1]]]]1]]]]1
1]]]]1]]]]1]]]]1]]]]NULL]]]]1]]]]1]]]]1]]]]1
1]]]]1]]]]1]]]]1]]]]NULL]]]]1]]]]1]]]]1]]]]1
1]]]]1]]]]1]]]]1]]]]NULL]]]]1]]]]1]]]]1]]]]1

2]]]]4]]]]9
1]]]]1]]]]1]]]]1]]]]NULL]]]]1]]]]1]]]]1]]]]1
NULL]]]]1]]]]1]]]]1]]]]NULL]]]]1]]]]1]]]]1]]]]NULL
NULL]]]]1]]]]1]]]]1]]]]NULL]]]]1]]]]1]]]]1]]]]NULL
NULL]]]]1]]]]1]]]]1]]]]NULL]]]]1]]]]1]]]]1]]]]NULL

3]]]]5]]]]8
1]]]]1]]]]1]]]]1]]]]1]]]]1]]]]1]]]]1
1]]]]1]]]]NULL]]]]1]]]]1]]]]NULL]]]]1]]]]1
1]]]]1]]]]NULL]]]]1]]]]1]]]]NULL]]]]1]]]]1
1]]]]1]]]]NULL]]]]1]]]]1]]]]NULL]]]]1]]]]1

